1701176020
7436284187
9203782188
5433862760
1464203099
9370883886
5429541408
2596346491
3476341666
12151900112
8070161180
11572695527
4024740058
5858920250
5959577279
3524523753
9914700411
4945407559
9482103163
14887985716
13364072451
9366340109
10968427768
10736126594
8983767737
13814085239
5768681698
11226948867
9160586245
5771687093
6068023525
2317320876
3240891735
9772445224
2075491471
2105731936
2281706734
7266051678
11788378096
2014482839
3006767031
7145422607
1557972558
2318611827
1797119610
13340420273
12074999384
7053549401
1832303575
2105489487
1909374478
2124482080
1438253839
1441259638
3050825265
1645078880
5313885184
1471012887
6131803349
4578992467
2403573368
9063564785
6697965966
2261365135
2364436543
4159946724
6029847008
2258363530
232688587
1931846446
5365120154
5711070558
9480181287
2005823881
44204676
4446143592
6066992891
4040205010
7546370359
4120278011
6593624614
8911422481
9781369598
4076225693
1902599931
305827648
13979603916
4840854590
2199082508
3234512955
8492626581
14325436107
13803667549
6485484440
3898887190
3567382425
3170440096
4008213052
8154295017
5982368303
11357797604
1304312553
1339314053
4524365106
6299722609
4706303100
2538841757
6717425598
348553144
6993189751
7680887313
1784917105
2024257759
3695204972
5589948974
13769744756
1322834962
2740676617
4566390748
4036551236
6873803925
4143529832
1438952740
192583663
5415028722
1427319367
197083868
9043524042
3032949935
6247149404
8610249823
2240388178
6119031967
661930241
6862968234
5515837926
3813341003
7617138331
11775076681
2227782978
1659862650
6068431629
4214079814
6174774525
8622360230
3286276396
4828368828
1695390971
14168179243
9537233024
8369027676
4330480097
9510817700
12840273506
1545692941
5707094193
11919151133
3450496955
3180405757
4164765597
3170127289
3626566744
9214964457
11442024103
2200631033
2270904037
1064212168
6055835890
8140062349
2338478495
4690028925
7771380755
4533073127
4719240512
5665562633
8644566758
5552465470
13310686224
8092083985
8148428445
8713855108
2324598050
9279857745
3488157395
40646112
6988496508
3659195116
3679196111
7437941885
3926828091
2943471110
3917249100
5815147468
7310279444
2015857696
8261032059
5393593444
2532834650
5532103730
7332266605
3027416873
9734986340
3981551038
13327491289
11203587822
3934559337
9944828225
2313299125
9762690573
1475758189
3903555035
2121514342
836341032
9420466683
8121901710
2090721503
2101012519
3465464780
2353546904
1515259859
2296510807
302042018
4138693148
12010359368
3257334781
1386530994
3935461660
5970139289
7321885107
5048945892
12324468872
8594824339
5766732114
11402765407
2002697569
3060427337
7289185532
3229340244
3306307008
7573798160
1706331272
4511738519
1354269235
312675226
1422158269
3994327998
6285200937
5456575824
7093831237
3740535211
2235379762
3223608290
1964626947
11908728479
3402845169
2176662077
2036494902
2249219072
294280894
2286995639
3213702744
2102742266
3977997648
1486390538
7644080523
3024266710
3276863410
1940375745
14884100498
11294079258
3217862110
1415242268
4237512986
11120956890
2953952961
8721584258
9054166918
7055553557
1418259429
6125179223
8075460748
8083509999
382829892
8540616514
7023706883
1559368383
2227468959
3777029704
2663519958
5345966867
4028930350
4099934853
1446026539
4006170355
3430522199
3760019940
7132711208
4032140514
4238538704
9719674833
8913052654
7121028488
290539566
2079825098
12742581958
2900980899
9019029147
2413264161
13121311464
5504978447
8676682026
7943834714
8957542540
2533226724
7850110528
12332506002
7283201987
523314122
1560502885
8980063114
2059175451
5443769347
2158591804
1660662141
365842972
10095157323
7686068312
14974791034
6432309468
4289640775
14218815798
14353201251
8216643647
8897836570
9197805316
15303864329
214507285
13847209924
7775610112
13526919384
13249589461
8798265472
3270945591
9653740835
12142845936
14418256351
8797477236
8751955801
246481942
7410092223
8635274366
11467047772
15248402906
14817843400
10584503593
12914181402
13688919861
8660369207
14745166505
12859170553
7307564673
12282430133
10933712844
7947069973
9405084175
8543102285
4716241704
15398581434
13296975764
8555927612
9959785264
13284062625
14930369075
7518857177
11210105734
11632976471
327527248
5668651698
13378248303
15229630119
1954042522
7182633008
6071005345
14466623395
14339161432
15372150607
8786002597
4315713828
10961480683
12027109117
13295829879
5967549773
10099163242
7977576154
10872497400
1532188638
10386380861
6275519021
3062908184
14553818485
9792620798
14337107912
10249738302
1042293735
6251472273
14969249463
4577532295
12250652969
11561383783
15290089499
14426687546
13869847610
12090262061
14286588784
15635336074
13807892364
15887792412
8591202946
8598690212
6005142563
5905472176
4740682684
7042709705
15677503034
12755816728
10012076568
2796779656
10219841748
8518800149
12865496973
13604778479
2932007609
11570574770
13947127135
12347061260
8943236511
9704451131
5329355148
5319316003
4170039430
6849451454
7960665656
15635624695
12765484255
14973317412
13384430068
9997214243
6019948747
13383487714
11437352216
10453597243
1607621452
1239001956
477488579
9049263759
10743623883
1438018563
3241696258
15530908717
12141202824
1636053230
323779178
5563448860
4461833708
6626199888
1819046274
9879525541
6899977465
3721387494
2284628174
4061964638
8065121146
4606717312
1995484643
7288614131
11129878254
12990074696
616083462
8464373234
13125870499
7282268809
271321549
8933926514
6352988310
7025392274
3647011976
8207291723
6975744101
3591914540
1438753265
15435988133
1292068421
1991145796
7372066470
2533507183
7296277448
15898610840
2982347470
2947965015
2992743432
3017026976
4944630217
5525411206
6896395541
8419950562
1397898459
15224589878
456797173
144932510
12015707308
1690532954
7553419291
13945330849
3957372651
1478620276
9787794979
5473011788
1666838272
15499878546
5794863421
1985082720
5790771495
8623778372
3083100802
2871108813
4023791821
1602281809
6083710620
7648076462
10172346261
1419186359
9844564610
5511359852
6827816067
9193653115
1693699189
11093439588
5383485977
6163102794
7275202409
2955589898
3969452861
4169872147
9939781894
8045543571
2258401405
4769782980
10102472513
7791392740
10034869784
1444711260
2273186608
10008563544
3658803508
1095739783
619214685
6260259816
10890079254
9873485705
10590036044
6096595141
1688443943
2112437492
11869859885
6150596084
1402720659
1509693640
1451298534
11370407138
9905047833
1987867184
5764160059
10246598600
8304641775
9781121333
9519407616
1398850351
9648173171
1659658352
1157935061
7228184657
10195290042
11111747570
10915399973
4206490056
8462996719
6194002820
2293783342
2018737191
6216765099
10561062570
3879782001
7394889419
9308788912
9948074287
2692977791
1937391185
12009197902
6227859088
12070595565
6883001014
1547778492
9919912440
9717722422
3060351537
722187136
5531369813
1586617041
2325230442
10168753963
6878809167
600710482
10955271410
8588468251
5623410322
8732469609
2340611350
2238404617
3185414202
9764501140
4579790626
6650606407
8200669428
4070741106
7971298658
10194504136
1911265597
1305103383
6331241039
8059932889
5807768012
1611528193
4093114780
8929749658
6358918899
1955421513
8267582998
6041864665
4244063306
6385635660
9730071907
1709019822
7610538056
9510835731
8621960888
3028263199
6405928189
5771199260
9925316711
3550319208
10221952075
9910048197
1541186516
2045520412
5414171709
6058008303
8591171967
1248448743
5478079711
3939070164
9062246895
509299652
618658235
1252332678
9546841903
6013245835
5567603822
6328874913
5660062488
6111173182
8264425889
6956679951
9462541157
10705706122
8072761287
6658326747
2327008031
8923981364
8254597862
9751854017
2352101295
8519498783
10396799253
6361964371
10569845299
8617611206
4119427351
5721351188
6330411684
9144476943
5833155450
9441160894
10473986590
656248760
9990232558
871664791
10104911733
4765650368
1739926938
2281382262
8439915445
14002077526
12163600467
7011011542
9548558310
6234056347
13580204596
3248346481
11064901284
8600355017
2200594349
10439342767
8626757005
9989443757
9516269322
11284832484
2001077185
6190614830
7546644699
1012520972
1312303751
9056485919
3997279622
9854718888
2323724899
2045064857
10145658463
6106322582
10182802793
11118024764
4100115853
10892174125
9121892635
11128049171
5921066184
383605874
5493905647
7742840365
10134719912
4459697224
4211633225
1930219847
9980675885
3621294126
9121018822
41287815
10026582864
7301104699
1606723086
1562217603
272008529
3401743507
1904091318
409499108
286255615
215864902
1628653646
53489
1132845
31901
3670490
1623545986
6248279687
2225578888
2526194575
1509644177
2183153298
2245526039
1984446488
1714512794
4824860573
2158721053
5656833569
2160413094
1556380967
605770920
2023455145
3924449962
3032979627
1447840437
1422215095
5400470845
1343343041
1912009154
3893231943
1388574793
1771345610
1934984396
1279059407
3992043090
645567443
4135448915
1633230422
883330775
2131542490
8662958683
379712221
1606565471
1933864544
1467261794
2327098213
1693884390
1693883114
9775455467
2688886516
